Comparison  Statistic  p-value  Lower_CI  Upper_CI
 0-1      0.000     1.000    -0.038     0.038
 0-2      0.000     1.000    -0.038     0.038
 0-3      0.006     1.000    -0.031     0.044
 0-4      0.018     0.968    -0.019     0.056
 0-5      0.018     0.968    -0.019     0.056
 0-6      0.018     0.968    -0.019     0.056
 0-7      0.020     0.924    -0.018     0.058
 0-8      0.031     0.240    -0.006     0.069
 0-9      0.040     0.022     0.003     0.078
 0-10      0.040     0.022     0.003     0.078
 0-11      0.040     0.022     0.003     0.078
 0-12      0.040     0.021     0.003     0.078
 0-13      0.043     0.010     0.005     0.080
 0-14      0.043     0.008     0.005     0.081
 0-15      0.050     0.001     0.013     0.088
 0-16      0.071     0.000     0.033     0.108
 0-17      0.071     0.000     0.033     0.109
 1-0      0.000     1.000    -0.038     0.038
 1-2      0.000     1.000    -0.038     0.038
 1-3      0.006     1.000    -0.031     0.044
 1-4      0.018     0.968    -0.019     0.056
 1-5      0.018     0.968    -0.019     0.056
 1-6      0.018     0.968    -0.019     0.056
 1-7      0.020     0.924    -0.018     0.058
 1-8      0.031     0.240    -0.006     0.069
 1-9      0.040     0.022     0.003     0.078
 1-10      0.040     0.022     0.003     0.078
 1-11      0.040     0.022     0.003     0.078
 1-12      0.040     0.021     0.003     0.078
 1-13      0.043     0.010     0.005     0.080
 1-14      0.043     0.008     0.005     0.081
 1-15      0.050     0.001     0.013     0.088
 1-16      0.071     0.000     0.033     0.108
 1-17      0.071     0.000     0.033     0.109
 2-0      0.000     1.000    -0.038     0.038
 2-1      0.000     1.000    -0.038     0.038
 2-3      0.006     1.000    -0.031     0.044
 2-4      0.018     0.968    -0.019     0.056
 2-5      0.018     0.968    -0.019     0.056
 2-6      0.018     0.968    -0.019     0.056
 2-7      0.020     0.924    -0.018     0.058
 2-8      0.031     0.240    -0.006     0.069
 2-9      0.040     0.022     0.003     0.078
 2-10      0.040     0.022     0.003     0.078
 2-11      0.040     0.022     0.003     0.078
 2-12      0.040     0.021     0.003     0.078
 2-13      0.043     0.010     0.005     0.080
 2-14      0.043     0.008     0.005     0.081
 2-15      0.050     0.001     0.013     0.088
 2-16      0.071     0.000     0.033     0.108
 2-17      0.071     0.000     0.033     0.109
 3-0     -0.006     1.000    -0.044     0.031
 3-1     -0.006     1.000    -0.044     0.031
 3-2     -0.006     1.000    -0.044     0.031
 3-4      0.012     1.000    -0.026     0.049
 3-5      0.012     1.000    -0.026     0.049
 3-6      0.012     1.000    -0.026     0.049
 3-7      0.014     0.999    -0.024     0.051
 3-8      0.025     0.659    -0.013     0.063
 3-9      0.034     0.137    -0.004     0.072
 3-10      0.034     0.137    -0.004     0.072
 3-11      0.034     0.137    -0.004     0.072
 3-12      0.034     0.134    -0.004     0.072
 3-13      0.036     0.075    -0.001     0.074
 3-14      0.037     0.066    -0.001     0.074
 3-15      0.044     0.007     0.006     0.081
 3-16      0.064     0.000     0.027     0.102
 3-17      0.064     0.000     0.027     0.102
 4-0     -0.018     0.968    -0.056     0.019
 4-1     -0.018     0.968    -0.056     0.019
 4-2     -0.018     0.968    -0.056     0.019
 4-3     -0.012     1.000    -0.049     0.026
 4-5      0.000     1.000    -0.038     0.038
 4-6      0.000     1.000    -0.038     0.038
 4-7      0.002     1.000    -0.036     0.039
 4-8      0.013     0.999    -0.024     0.051
 4-9      0.022     0.835    -0.015     0.060
 4-10      0.022     0.835    -0.015     0.060
 4-11      0.022     0.835    -0.015     0.060
 4-12      0.022     0.830    -0.015     0.060
 4-13      0.024     0.698    -0.013     0.062
 4-14      0.025     0.667    -0.013     0.063
 4-15      0.032     0.213    -0.006     0.070
 4-16      0.053     0.000     0.015     0.090
 4-17      0.053     0.000     0.015     0.090
 5-0     -0.018     0.968    -0.056     0.019
 5-1     -0.018     0.968    -0.056     0.019
 5-2     -0.018     0.968    -0.056     0.019
 5-3     -0.012     1.000    -0.049     0.026
 5-4      0.000     1.000    -0.038     0.038
 5-6      0.000     1.000    -0.038     0.038
 5-7      0.002     1.000    -0.036     0.039
 5-8      0.013     0.999    -0.024     0.051
 5-9      0.022     0.835    -0.015     0.060
 5-10      0.022     0.835    -0.015     0.060
 5-11      0.022     0.835    -0.015     0.060
 5-12      0.022     0.830    -0.015     0.060
 5-13      0.024     0.698    -0.013     0.062
 5-14      0.025     0.667    -0.013     0.063
 5-15      0.032     0.213    -0.006     0.070
 5-16      0.053     0.000     0.015     0.090
 5-17      0.053     0.000     0.015     0.090
 6-0     -0.018     0.968    -0.056     0.019
 6-1     -0.018     0.968    -0.056     0.019
 6-2     -0.018     0.968    -0.056     0.019
 6-3     -0.012     1.000    -0.049     0.026
 6-4      0.000     1.000    -0.038     0.038
 6-5      0.000     1.000    -0.038     0.038
 6-7      0.002     1.000    -0.036     0.039
 6-8      0.013     0.999    -0.024     0.051
 6-9      0.022     0.835    -0.015     0.060
 6-10      0.022     0.835    -0.015     0.060
 6-11      0.022     0.835    -0.015     0.060
 6-12      0.022     0.830    -0.015     0.060
 6-13      0.024     0.698    -0.013     0.062
 6-14      0.025     0.667    -0.013     0.063
 6-15      0.032     0.213    -0.006     0.070
 6-16      0.053     0.000     0.015     0.090
 6-17      0.053     0.000     0.015     0.090
 7-0     -0.020     0.924    -0.058     0.018
 7-1     -0.020     0.924    -0.058     0.018
 7-2     -0.020     0.924    -0.058     0.018
 7-3     -0.014     0.999    -0.051     0.024
 7-4     -0.002     1.000    -0.039     0.036
 7-5     -0.002     1.000    -0.039     0.036
 7-6     -0.002     1.000    -0.039     0.036
 7-8      0.011     1.000    -0.026     0.049
 7-9      0.020     0.913    -0.017     0.058
 7-10      0.020     0.913    -0.017     0.058
 7-11      0.020     0.913    -0.017     0.058
 7-12      0.020     0.910    -0.017     0.058
 7-13      0.023     0.811    -0.015     0.060
 7-14      0.023     0.785    -0.015     0.061
 7-15      0.030     0.310    -0.007     0.068
 7-16      0.051     0.000     0.013     0.088
 7-17      0.051     0.000     0.013     0.089
 8-0     -0.031     0.240    -0.069     0.006
 8-1     -0.031     0.240    -0.069     0.006
 8-2     -0.031     0.240    -0.069     0.006
 8-3     -0.025     0.659    -0.063     0.013
 8-4     -0.013     0.999    -0.051     0.024
 8-5     -0.013     0.999    -0.051     0.024
 8-6     -0.013     0.999    -0.051     0.024
 8-7     -0.011     1.000    -0.049     0.026
 8-9      0.009     1.000    -0.029     0.047
 8-10      0.009     1.000    -0.029     0.047
 8-11      0.009     1.000    -0.029     0.047
 8-12      0.009     1.000    -0.029     0.047
 8-13      0.011     1.000    -0.026     0.049
 8-14      0.012     1.000    -0.026     0.049
 8-15      0.019     0.957    -0.019     0.056
 8-16      0.039     0.030     0.002     0.077
 8-17      0.039     0.029     0.002     0.077
 9-0     -0.040     0.022    -0.078    -0.003
 9-1     -0.040     0.022    -0.078    -0.003
 9-2     -0.040     0.022    -0.078    -0.003
 9-3     -0.034     0.137    -0.072     0.004
 9-4     -0.022     0.835    -0.060     0.015
 9-5     -0.022     0.835    -0.060     0.015
 9-6     -0.022     0.835    -0.060     0.015
 9-7     -0.020     0.913    -0.058     0.017
 9-8     -0.009     1.000    -0.047     0.029
 9-10      0.000     1.000    -0.038     0.038
 9-11      0.000     1.000    -0.038     0.038
 9-12      0.000     1.000    -0.038     0.038
 9-13      0.002     1.000    -0.035     0.040
 9-14      0.003     1.000    -0.035     0.040
 9-15      0.010     1.000    -0.028     0.047
 9-16      0.030     0.292    -0.007     0.068
 9-17      0.031     0.288    -0.007     0.068
 10-0     -0.040     0.022    -0.078    -0.003
 10-1     -0.040     0.022    -0.078    -0.003
 10-2     -0.040     0.022    -0.078    -0.003
 10-3     -0.034     0.137    -0.072     0.004
 10-4     -0.022     0.835    -0.060     0.015
 10-5     -0.022     0.835    -0.060     0.015
 10-6     -0.022     0.835    -0.060     0.015
 10-7     -0.020     0.913    -0.058     0.017
 10-8     -0.009     1.000    -0.047     0.029
 10-9      0.000     1.000    -0.038     0.038
 10-11      0.000     1.000    -0.038     0.038
 10-12      0.000     1.000    -0.038     0.038
 10-13      0.002     1.000    -0.035     0.040
 10-14      0.003     1.000    -0.035     0.040
 10-15      0.010     1.000    -0.028     0.047
 10-16      0.030     0.292    -0.007     0.068
 10-17      0.031     0.288    -0.007     0.068
 11-0     -0.040     0.022    -0.078    -0.003
 11-1     -0.040     0.022    -0.078    -0.003
 11-2     -0.040     0.022    -0.078    -0.003
 11-3     -0.034     0.137    -0.072     0.004
 11-4     -0.022     0.835    -0.060     0.015
 11-5     -0.022     0.835    -0.060     0.015
 11-6     -0.022     0.835    -0.060     0.015
 11-7     -0.020     0.913    -0.058     0.017
 11-8     -0.009     1.000    -0.047     0.029
 11-9      0.000     1.000    -0.038     0.038
 11-10      0.000     1.000    -0.038     0.038
 11-12      0.000     1.000    -0.038     0.038
 11-13      0.002     1.000    -0.035     0.040
 11-14      0.003     1.000    -0.035     0.040
 11-15      0.010     1.000    -0.028     0.047
 11-16      0.030     0.292    -0.007     0.068
 11-17      0.031     0.288    -0.007     0.068
 12-0     -0.040     0.021    -0.078    -0.003
 12-1     -0.040     0.021    -0.078    -0.003
 12-2     -0.040     0.021    -0.078    -0.003
 12-3     -0.034     0.134    -0.072     0.004
 12-4     -0.022     0.830    -0.060     0.015
 12-5     -0.022     0.830    -0.060     0.015
 12-6     -0.022     0.830    -0.060     0.015
 12-7     -0.020     0.910    -0.058     0.017
 12-8     -0.009     1.000    -0.047     0.029
 12-9     -0.000     1.000    -0.038     0.038
 12-10     -0.000     1.000    -0.038     0.038
 12-11     -0.000     1.000    -0.038     0.038
 12-13      0.002     1.000    -0.035     0.040
 12-14      0.003     1.000    -0.035     0.040
 12-15      0.010     1.000    -0.028     0.047
 12-16      0.030     0.297    -0.007     0.068
 12-17      0.030     0.293    -0.007     0.068
 13-0     -0.043     0.010    -0.080    -0.005
 13-1     -0.043     0.010    -0.080    -0.005
 13-2     -0.043     0.010    -0.080    -0.005
 13-3     -0.036     0.075    -0.074     0.001
 13-4     -0.024     0.698    -0.062     0.013
 13-5     -0.024     0.698    -0.062     0.013
 13-6     -0.024     0.698    -0.062     0.013
 13-7     -0.023     0.811    -0.060     0.015
 13-8     -0.011     1.000    -0.049     0.026
 13-9     -0.002     1.000    -0.040     0.035
 13-10     -0.002     1.000    -0.040     0.035
 13-11     -0.002     1.000    -0.040     0.035
 13-12     -0.002     1.000    -0.040     0.035
 13-14      0.000     1.000    -0.037     0.038
 13-15      0.008     1.000    -0.030     0.045
 13-16      0.028     0.437    -0.009     0.066
 13-17      0.028     0.432    -0.009     0.066
 14-0     -0.043     0.008    -0.081    -0.005
 14-1     -0.043     0.008    -0.081    -0.005
 14-2     -0.043     0.008    -0.081    -0.005
 14-3     -0.037     0.066    -0.074     0.001
 14-4     -0.025     0.667    -0.063     0.013
 14-5     -0.025     0.667    -0.063     0.013
 14-6     -0.025     0.667    -0.063     0.013
 14-7     -0.023     0.785    -0.061     0.015
 14-8     -0.012     1.000    -0.049     0.026
 14-9     -0.003     1.000    -0.040     0.035
 14-10     -0.003     1.000    -0.040     0.035
 14-11     -0.003     1.000    -0.040     0.035
 14-12     -0.003     1.000    -0.040     0.035
 14-13     -0.000     1.000    -0.038     0.037
 14-15      0.007     1.000    -0.031     0.045
 14-16      0.028     0.469    -0.010     0.065
 14-17      0.028     0.464    -0.010     0.065
 15-0     -0.050     0.001    -0.088    -0.013
 15-1     -0.050     0.001    -0.088    -0.013
 15-2     -0.050     0.001    -0.088    -0.013
 15-3     -0.044     0.007    -0.081    -0.006
 15-4     -0.032     0.213    -0.070     0.006
 15-5     -0.032     0.213    -0.070     0.006
 15-6     -0.032     0.213    -0.070     0.006
 15-7     -0.030     0.310    -0.068     0.007
 15-8     -0.019     0.957    -0.056     0.019
 15-9     -0.010     1.000    -0.047     0.028
 15-10     -0.010     1.000    -0.047     0.028
 15-11     -0.010     1.000    -0.047     0.028
 15-12     -0.010     1.000    -0.047     0.028
 15-13     -0.008     1.000    -0.045     0.030
 15-14     -0.007     1.000    -0.045     0.031
 15-16      0.021     0.902    -0.017     0.058
 15-17      0.021     0.900    -0.017     0.058
 16-0     -0.071     0.000    -0.108    -0.033
 16-1     -0.071     0.000    -0.108    -0.033
 16-2     -0.071     0.000    -0.108    -0.033
 16-3     -0.064     0.000    -0.102    -0.027
 16-4     -0.053     0.000    -0.090    -0.015
 16-5     -0.053     0.000    -0.090    -0.015
 16-6     -0.053     0.000    -0.090    -0.015
 16-7     -0.051     0.000    -0.088    -0.013
 16-8     -0.039     0.030    -0.077    -0.002
 16-9     -0.030     0.292    -0.068     0.007
 16-10     -0.030     0.292    -0.068     0.007
 16-11     -0.030     0.292    -0.068     0.007
 16-12     -0.030     0.297    -0.068     0.007
 16-13     -0.028     0.437    -0.066     0.009
 16-14     -0.028     0.469    -0.065     0.010
 16-15     -0.021     0.902    -0.058     0.017
 16-17      0.000     1.000    -0.038     0.038
 17-0     -0.071     0.000    -0.109    -0.033
 17-1     -0.071     0.000    -0.109    -0.033
 17-2     -0.071     0.000    -0.109    -0.033
 17-3     -0.064     0.000    -0.102    -0.027
 17-4     -0.053     0.000    -0.090    -0.015
 17-5     -0.053     0.000    -0.090    -0.015
 17-6     -0.053     0.000    -0.090    -0.015
 17-7     -0.051     0.000    -0.089    -0.013
 17-8     -0.039     0.029    -0.077    -0.002
 17-9     -0.031     0.288    -0.068     0.007
 17-10     -0.031     0.288    -0.068     0.007
 17-11     -0.031     0.288    -0.068     0.007
 17-12     -0.030     0.293    -0.068     0.007
 17-13     -0.028     0.432    -0.066     0.009
 17-14     -0.028     0.464    -0.065     0.010
 17-15     -0.021     0.900    -0.058     0.017
 17-16     -0.000     1.000    -0.038     0.038
